0.0	43.13	42.08	4.12	7.0	19.52	48.09	37.84	40.65	42.14
43.13	0.0	21.29	41.46	41.3	48.43	32.77	38.44	33.25	10.69
42.08	21.29	0.0	41.25	41.91	46.2	30.69	22.89	32.31	20.31
4.12	41.46	41.25	0.0	5.94	18.24	46.96	38.76	38.05	40.04
7.0	41.3	41.91	5.94	0.0	20.03	49.02	39.35	41.36	40.54
19.52	48.43	46.2	18.24	20.03	0.0	46.32	40.72	40.01	47.22
48.09	32.77	30.69	46.96	49.02	46.32	0.0	35.25	30.82	35.4
37.84	38.44	22.89	38.76	39.35	40.72	35.25	0.0	44.21	39.93
40.65	33.25	32.31	38.05	41.36	40.01	30.82	44.21	0.0	26.81
42.14	10.69	20.31	40.04	40.54	47.22	35.4	39.93	26.81	0.0
